%YAML:1.0
---
K: !!opencv-matrix
   rows: 3
   cols: 3
   dt: d
   data: [ 9.1408602911993671e+02, 0., 4.9223575158426343e+02, 0.,
       9.1731975027002738e+02, 3.5893578344524161e+02, 0., 0., 1. ]
D: !!opencv-matrix
   rows: 1
   cols: 5
   dt: d
   data: [ -7.0783258061824589e-02, 3.2267260387840530e-01,
       8.1252785821194166e-03, 2.4692269496527147e-03,
       -4.4759347742864930e-01 ]
